21111111111111111111112
10000000000000000000001
10000000000000000000001
10011111000000011111001
10000000000000000000001
10000000000000000000001
10000000000000000000001
10000000000000000000001
10000000000000000000001
10000000000000000000001
10000000000000000000001
10000000003440000000001
10000000000000000000001
10000000000000000000001
10000000000000000000001
10000000000000000000001
10000000000000000000001
10000000000000000000001
10000000000000000000001
10011111000000011111001
10000000000000000000001
10000000000000000000001
21111111111111111111112
